version https://git-lfs.github.com/spec/v1
oid sha256:95d0aa7b2b5c83f570527fa45af1d4a1b904bdb5e4a4f2fd55ecbcfcb1fa9128
size 668540
