version https://git-lfs.github.com/spec/v1
oid sha256:058b7b21491a2e30e335266a34ab4c28c4111f0bd51131ecd44990ffe85cbf74
size 342680
