version https://git-lfs.github.com/spec/v1
oid sha256:cfa948533beb882e25a8904c5efe1bbdfb0b9fca1cff1122bd59198860d6d25c
size 350098
