version https://git-lfs.github.com/spec/v1
oid sha256:0f708c0fe23ba933bd95b172a47a964a1f8d33f9c06e7faed7326d27b161f7a5
size 202531
