version https://git-lfs.github.com/spec/v1
oid sha256:072b04037bd6b1a5b8bf1dc94be1473a073a9aca07ec73090ba0bcc5d3dfba09
size 846672
