version https://git-lfs.github.com/spec/v1
oid sha256:9b34298462cdc70a742d14f2cabbe9a18d4ef12381aaa67851904ceeadcc9f6d
size 145614
