version https://git-lfs.github.com/spec/v1
oid sha256:1ecd8fb2902ed70e76103686499585687a3dee8c0b47518e54fd4ddecbc588c8
size 535093
