version https://git-lfs.github.com/spec/v1
oid sha256:1c2745c9fdaebe194bccd12a35aaca8a564563e3194faf9d9a422bbdcca47d09
size 180345
